#################### parameter settings ####################
dataset:alibaba-fashion
data_path:data/
load_rules:False
epoch:150
batch_size:1024
test_batch_size:1024
dim:64
l2:1e-05
lr:0.0001
sim_regularity:0.0001
inverse_r:True
node_dropout:True
node_dropout_rate:0.5
mess_dropout:True
mess_dropout_rate:0.1
batch_test_flag:True
channel:64
cuda:True
gpu_id:0
edge_threshold:64
adj_epoch:1
in_channel:[64, 32]
out_channel:[32, 64]
pretrain_s:False
pretrain_r:False
freeze_s:False
k_step:1
num_sample:32
gamma:0.99
Ks:[20, 40, 60, 80, 100]
test_flag:part
n_factors:4
ind:distance
context_hops:3
save:True
out_dir:./weights/
rank:[20, 40, 60, 80, 100]
flag_step:10
#################### experimental settings ####################
0) Model: KGIN
1) recommender: GCN
2) sampler: random sampling
#################### start training ####################
Epoch:0/150, one epoch(train+test/hour): 0.10860144118467967, training time: 229.10039639472961, testing time: 161.86477994918823
recall    : [0.03906879 0.06205216 0.08078827 0.09729518 0.11132504]
ndcg      : [0.02308377 0.02950565 0.0340565  0.03774024 0.0407112 ]
precision : [0.00565947 0.00453246 0.00394876 0.00356931 0.00327505]
hit_ratio : [0.1064605  0.16413604 0.20909455 0.24646991 0.27671536]
Epoch:1/150, one epoch(train+test/hour): 0.29149605724546646, training time: 873.6873059272766, testing time: 175.69848322868347
recall    : [0.0485432  0.07577542 0.09647074 0.11452757 0.1309846 ]
ndcg      : [0.02848554 0.03608405 0.04111338 0.04514025 0.04860661]
precision : [0.00698827 0.00549561 0.00469139 0.00418315 0.00383141]
hit_ratio : [0.13001185 0.19602015 0.24289624 0.28184924 0.31596472]
Epoch:2/150, one epoch(train+test/hour): 0.28652145398987666, training time: 870.937915802002, testing time: 160.53929495811462
recall    : [0.05410155 0.08275046 0.10648826 0.12610097 0.1435405 ]
ndcg      : [0.03220033 0.04019504 0.04591419 0.05028019 0.05396155]
precision : [0.00782721 0.00601924 0.00516381 0.0045901  0.00418799]
hit_ratio : [0.14430653 0.21279025 0.26519246 0.30641169 0.34122446]
Epoch:3/150, one epoch(train+test/hour): 0.2863146750794517, training time: 871.2667689323425, testing time: 159.46603083610535
recall    : [0.05925238 0.09029738 0.11517719 0.13560995 0.15341098]
ndcg      : [0.03509163 0.04374556 0.04976568 0.05431289 0.05806346]
precision : [0.00856025 0.00656488 0.00559439 0.00494234 0.00447903]
hit_ratio : [0.1575204  0.23029252 0.28415034 0.32596228 0.36039153]
Epoch:4/150, one epoch(train+test/hour): 0.28655511028236813, training time: 870.1244540214539, testing time: 161.47392058372498
recall    : [0.06442503 0.0975258  0.12292844 0.14438234 0.16268472]
ndcg      : [0.03862634 0.04786976 0.05402547 0.05882175 0.06268002]
precision : [0.00930636 0.00709526 0.00597718 0.00527726 0.00476266]
hit_ratio : [0.16948783 0.2463566  0.30037131 0.34350812 0.37811171]
Epoch:5/150, one epoch(train+test/hour): 0.2850080220566856, training time: 870.169427394867, testing time: 155.8594388961792
recall    : [0.06904117 0.10417043 0.13098848 0.15300299 0.17220451]
ndcg      : [0.04148398 0.05126751 0.05778457 0.06270155 0.06675305]
precision : [0.01002894 0.00758402 0.00638496 0.00560314 0.00504977]
hit_ratio : [0.18186493 0.26085175 0.31756851 0.3600516  0.3947162 ]
Epoch:6/150, one epoch(train+test/hour): 0.2821188359790378, training time: 871.0934226512909, testing time: 144.53436851501465
recall    : [0.07540969 0.11233949 0.13985186 0.16275848 0.18257869]
ndcg      : [0.0453276  0.05564155 0.06228473 0.06741771 0.071599  ]
precision : [0.01096594 0.00820419 0.00681147 0.00596236 0.00535658]
hit_ratio : [0.19650826 0.27904261 0.33448679 0.37841678 0.41423192]
